positive\1634707508.7323396.jpg 1 236 192 116 45
positive\1634707509.4019659.jpg 1 238 183 129 62
positive\1634707509.8556411.jpg 1 234 189 132 63
positive\1634707510.2614126.jpg 1 233 194 123 63
positive\1634707510.7152014.jpg 1 233 189 122 69
positive\1634707511.1070366.jpg 1 233 194 127 69
positive\1634707511.9048681.jpg 1 226 189 134 81
positive\1634707512.3128774.jpg 1 238 193 118 72
positive\1634707512.7201083.jpg 1 235 197 121 73
positive\1634707513.6617243.jpg 1 236 198 68 74
positive\1634707514.2698224.jpg 1 238 199 115 69
positive\1634707514.6917202.jpg 1 237 195 112 68
positive\1634707515.2836494.jpg 1 275 189 79 64
positive\1634707515.7525764.jpg 1 264 181 91 80
positive\1634707519.00705.jpg 1 243 200 116 76
positive\1634707519.9731548.jpg 1 254 174 108 82
positive\1634707520.362763.jpg 1 249 173 134 82
positive\1634707520.7389357.jpg 1 242 168 141 76
positive\1634707521.0975962.jpg 1 256 175 132 72
positive\1634707521.4708884.jpg 1 249 177 117 57
positive\1634707521.8452575.jpg 1 251 177 118 60
positive\1634707522.2192755.jpg 1 246 161 122 76
positive\1634707522.5773585.jpg 1 244 163 132 74
positive\1634707522.9527578.jpg 1 234 166 139 72
positive\1634707523.3123798.jpg 1 245 173 125 61
positive\1634707523.7172844.jpg 1 244 178 131 59
positive\1634707524.1536725.jpg 1 241 173 132 67
positive\1634707524.526759.jpg 1 250 177 118 59
positive\1634707524.93287.jpg 1 245 181 113 49
positive\1634707526.6177077.jpg 1 233 160 92 60
positive\1634707527.2601476.jpg 1 237 162 132 66
positive\1634707527.6633906.jpg 1 233 149 135 83
positive\1634707528.0245962.jpg 1 228 154 137 78
positive\1634707528.4149039.jpg 1 230 155 133 75
positive\1634707528.9439223.jpg 1 234 148 111 77
positive\1634707529.3669653.jpg 1 227 147 125 82
positive\1634707529.7275152.jpg 1 228 156 120 70
positive\1634707530.1961677.jpg 1 217 147 136 77
positive\1634707530.6158698.jpg 1 227 151 132 76
positive\1634707531.0067542.jpg 1 222 142 139 82
positive\1634707531.4291196.jpg 1 229 140 125 79
positive\1634707531.8496816.jpg 1 227 136 119 76
positive\1634707532.2716043.jpg 1 221 135 128 86
positive\1634707532.6935127.jpg 1 227 119 126 101
positive\1634707533.0819788.jpg 1 224 121 131 95
positive\1634707533.4091363.jpg 1 229 125 128 100
positive\1634707533.6928492.jpg 1 219 123 139 99
positive\1634707533.9912884.jpg 1 220 121 137 100
positive\1634707534.4751983.jpg 1 225 123 123 94
positive\1634707534.8369904.jpg 1 219 122 139 103
positive\1634707535.2442062.jpg 1 222 122 129 97
positive\1634707535.5882099.jpg 1 222 120 128 92
positive\1634707535.933597.jpg 1 232 122 128 101
positive\1634707536.293715.jpg 1 222 113 128 102
positive\1634707536.7966096.jpg 1 230 129 126 87
positive\1634707538.815569.jpg 1 253 208 87 54
positive\1634707539.27166.jpg 1 262 202 77 56
positive\1634707539.7232964.jpg 1 251 198 89 70
positive\1634707540.4071286.jpg 1 264 207 71 60
positive\1634707540.8479948.jpg 1 246 210 108 58
positive\1634707541.2846477.jpg 1 255 201 85 67
positive\1634707541.722322.jpg 1 263 203 88 76
positive\1634707542.1269774.jpg 1 256 216 97 55
positive\1634707544.106244.jpg 1 252 204 88 65
positive\1634707545.8077404.jpg 1 261 212 86 47
positive\1634707546.2164407.jpg 1 259 205 94 66
positive\1634707546.6385226.jpg 1 257 203 65 50
positive\1634707547.045626.jpg 1 257 195 72 54
positive\1634707547.436712.jpg 1 269 204 74 50
positive\1634707547.8276858.jpg 1 267 194 85 67
positive\1634707565.8407779.jpg 1 260 172 55 41
positive\1634707566.2632992.jpg 1 255 174 59 47
positive\1634707566.6216822.jpg 1 255 166 57 48
positive\1634707570.3669157.jpg 1 282 184 36 44
positive\1634707582.290737.jpg 1 270 179 50 43
positive\1634707584.0407329.jpg 1 265 173 89 49
positive\1634707584.4305913.jpg 1 272 172 84 48
positive\1634707585.8019392.jpg 1 280 167 81 60
positive\1634707605.4630258.jpg 1 256 186 91 40
positive\1634707605.77671.jpg 1 247 179 89 48
positive\1634707606.2437544.jpg 1 243 174 102 50
positive\1634707606.5263808.jpg 1 245 177 93 43
positive\1634707606.839925.jpg 1 252 180 89 43
positive\1634707607.2435598.jpg 1 245 169 85 45
positive\1634707611.704083.jpg 1 237 173 95 52
positive\1634707612.0967104.jpg 1 236 181 98 41
positive\1634707612.4117117.jpg 1 226 186 96 42
positive\1634707612.722881.jpg 1 234 185 89 37
positive\1634707613.037431.jpg 1 230 185 85 38
positive\1634707613.3167295.jpg 1 235 182 90 43
positive\1634707613.6152155.jpg 1 230 179 94 44
positive\1634707613.8971844.jpg 1 241 182 85 36
positive\1634707614.2256649.jpg 1 237 183 91 42
positive\1634707614.5523267.jpg 1 221 179 106 48
positive\1634707614.84799.jpg 1 239 184 82 39
positive\1634707615.1632931.jpg 1 225 184 90 36
positive\1634707615.505078.jpg 1 238 194 82 31
positive\1634707615.8952763.jpg 1 245 190 82 35
positive\1634707617.005922.jpg 1 226 191 90 37
positive\1634707617.3666227.jpg 1 229 187 97 37
positive\1634707617.6956425.jpg 1 233 188 84 40
positive\1634707618.0426688.jpg 1 220 193 94 36
positive\1634707618.3874834.jpg 1 233 190 75 33
positive\1634707618.6980717.jpg 1 230 190 93 39
positive\1634707619.0438652.jpg 1 232 193 93 38
positive\1634707619.3885038.jpg 1 232 196 105 30
positive\1634707619.7012517.jpg 1 222 191 108 42
positive\1634707620.0763679.jpg 1 232 191 94 38
positive\1634707620.3867366.jpg 1 227 192 93 44
positive\1634707620.7159355.jpg 1 228 192 95 36
positive\1634707621.0436335.jpg 1 231 197 89 33
positive\1634707621.38805.jpg 1 232 197 95 34
positive\1634707621.7011118.jpg 1 225 192 100 42
positive\1634707622.2646756.jpg 1 236 194 77 32
positive\1634707622.6739697.jpg 1 224 200 97 34
positive\1634707623.032889.jpg 1 233 204 95 27
positive\1634707623.5014117.jpg 1 236 205 89 28
positive\1634707623.8901806.jpg 1 224 191 104 45
positive\1634707624.3899927.jpg 1 236 191 87 52
positive\1634707648.397569.jpg 1 321 218 28 21
positive\1634707648.8338397.jpg 1 326 218 22 24
positive\1634707661.3377478.jpg 1 339 217 29 23
positive\1634707661.681857.jpg 1 345 223 30 22
positive\1634707662.0260346.jpg 1 349 222 23 21
positive\1634707662.366944.jpg 1 343 220 22 20
positive\1634707662.7397504.jpg 0
positive\1634707663.1010559.jpg 0
positive\1634707663.4603348.jpg 1 347 216 19 24
positive\1634707663.7928271.jpg 1 348 218 16 20
positive\1634707664.1680708.jpg 1 347 220 16 21
positive\1634707664.51136.jpg 1 350 226 15 16
positive\1634707664.7927308.jpg 1 346 227 22 15
positive\1634707665.103697.jpg 1 340 230 34 14
positive\1634707665.385302.jpg 1 349 229 27 20
positive\1634707665.6347134.jpg 1 349 231 26 17
positive\1634707665.963426.jpg 1 350 232 25 22
positive\1634707666.24807.jpg 1 346 232 25 23
positive\1634707666.4964595.jpg 1 346 230 25 24
positive\1634707666.7777076.jpg 1 347 230 18 29
positive\1634707666.9026182.jpg 1 352 233 13 23
positive\1634707667.1044035.jpg 1 351 229 15 31
positive\1634707667.3536901.jpg 1 354 229 9 27
positive\1634707667.5259743.jpg 1 349 231 13 24
positive\1634707667.699758.jpg 1 349 229 19 28
positive\1634707667.8573334.jpg 1 349 232 15 25
positive\1634707667.9981647.jpg 1 352 231 13 29
positive\1634707668.1542742.jpg 1 351 228 13 27
positive\1634707668.2793741.jpg 1 353 231 11 24
positive\1634707668.450885.jpg 1 351 229 14 27
positive\1634707668.7652612.jpg 1 353 228 10 29
positive\1634707669.0297916.jpg 1 353 229 11 29
positive\1634707669.2329354.jpg 1 348 230 18 28
positive\1634707669.43929.jpg 1 351 231 15 28
positive\1634707669.6407464.jpg 1 351 228 17 28
positive\1634707669.8292596.jpg 1 349 230 17 27
positive\1634707670.0176706.jpg 1 351 233 13 25
positive\1634707670.188071.jpg 1 356 228 7 30
positive\1634707670.390486.jpg 1 352 226 14 31
positive\1634707670.594717.jpg 1 352 227 16 27
positive\1634707670.796882.jpg 1 355 228 14 26
positive\1634707671.000988.jpg 1 355 225 11 29
positive\1634707671.2034786.jpg 1 354 225 14 27
positive\1634707671.4838648.jpg 1 343 223 22 26
positive\1634707671.778082.jpg 1 346 223 19 20
positive\1634707672.0617163.jpg 1 339 221 34 25
positive\1634707672.3253307.jpg 1 349 221 21 20
positive\1634707672.606647.jpg 1 343 218 26 24
positive\1634707672.8404074.jpg 1 349 216 16 25
positive\1634707673.0747766.jpg 1 348 221 22 21
positive\1634707673.3227308.jpg 1 344 219 25 22
positive\1634707673.5401082.jpg 1 344 220 21 20
positive\1634707673.7576156.jpg 1 341 223 25 16
positive\1634707673.960121.jpg 1 342 222 23 17
positive\1634707674.1778042.jpg 1 342 221 22 20
positive\1634707674.5686538.jpg 1 345 220 16 18
positive\1634707674.991876.jpg 1 344 226 21 13
positive\1634707675.3807044.jpg 1 345 223 20 11
positive\1634707675.7919395.jpg 1 344 219 21 19
positive\1634707676.0607748.jpg 1 347 220 22 17
positive\1634707676.2336197.jpg 1 343 222 19 16
positive\1634707676.4207337.jpg 1 341 222 23 19
positive\1634707676.6579843.jpg 1 337 223 27 16
positive\1634707677.0176663.jpg 1 330 220 37 21
positive\1634707677.3467925.jpg 1 332 223 32 18
positive\1634707677.7534654.jpg 1 317 220 48 18
positive\1634707678.0349429.jpg 1 332 223 35 16
positive\1634707678.3619628.jpg 1 328 219 36 23
positive\1634707678.6110888.jpg 1 334 224 31 18
positive\1634707678.8765645.jpg 1 325 220 38 17
positive\1634707679.2345648.jpg 1 328 223 41 18
positive\1634707679.5777588.jpg 1 334 226 29 11
positive\1634707679.8269393.jpg 1 333 222 34 19
positive\1634707680.02905.jpg 1 326 222 39 16
positive\1634707680.255226.jpg 1 327 220 39 17
positive\1634707680.4274359.jpg 1 335 223 30 15
positive\1634707680.6917791.jpg 1 331 220 30 16
positive\1634707680.926586.jpg 1 335 219 26 18
positive\1634707691.3608816.jpg 1 351 130 14 29
positive\1634707691.8607342.jpg 1 344 131 24 29
positive\1634707694.086119.jpg 1 339 127 23 33
positive\1634707694.461742.jpg 1 347 131 21 28
positive\1634707694.852705.jpg 1 342 130 25 30
positive\1634707695.240718.jpg 1 345 135 27 29
positive\1634707695.600567.jpg 1 347 136 23 27
positive\1634707695.9917264.jpg 1 350 139 23 27
positive\1634707696.3329582.jpg 1 342 137 32 29
positive\1634707696.7087767.jpg 1 345 140 29 25
positive\1634707697.114542.jpg 1 345 140 29 36
positive\1634707697.5369964.jpg 1 351 141 22 33
positive\1634707697.8488922.jpg 1 346 139 28 36
positive\1634707698.129491.jpg 1 346 144 34 34
positive\1634707698.4594421.jpg 1 351 143 24 32
positive\1634707698.7390876.jpg 1 351 141 23 33
positive\1634707699.036562.jpg 1 350 146 22 33
positive\1634707699.3357697.jpg 1 355 137 20 34
positive\1634707699.648017.jpg 1 352 141 22 25
positive\1634707700.0074632.jpg 1 355 124 23 45
positive\1634707704.1355708.jpg 1 360 136 26 57
positive\1634707704.4803696.jpg 1 360 142 28 50
positive\1634707704.7625268.jpg 1 364 139 22 53
positive\1634707705.1039836.jpg 1 365 142 21 47
positive\1634707705.399394.jpg 1 349 138 36 42
positive\1634707705.7011368.jpg 1 350 138 33 33
positive\1634707706.0125577.jpg 1 360 142 26 28
positive\1634707706.541746.jpg 1 359 142 27 29
positive\1634707706.9310627.jpg 1 361 142 26 29
positive\1634707707.2617197.jpg 1 361 138 25 29
positive\1634707707.559413.jpg 1 365 142 25 30
positive\1634707708.0290573.jpg 1 369 149 21 21
positive\1634707715.1623244.jpg 1 363 140 27 27
positive\1634707715.5217457.jpg 1 361 133 26 31
positive\1634707715.851159.jpg 1 366 137 26 26
positive\1634707716.193638.jpg 1 373 138 20 26
positive\1634707716.5669527.jpg 1 367 134 25 30
positive\1634707717.4741125.jpg 1 363 126 23 22
positive\1634707718.0197434.jpg 1 351 113 40 31
positive\1634707718.4407132.jpg 1 359 121 27 33
positive\1634707718.7850347.jpg 1 358 120 23 37
positive\1634707719.11434.jpg 1 351 128 36 25
positive\1634707719.4570222.jpg 1 354 128 36 29
positive\1634707719.8156106.jpg 1 356 131 32 26
positive\1634707720.174934.jpg 1 355 128 35 32
positive\1634707720.532985.jpg 1 365 137 29 27
positive\1634707720.8628113.jpg 1 369 135 25 25
positive\1634707721.223782.jpg 1 364 135 35 21
positive\1634707721.5684564.jpg 1 372 138 23 26
positive\1634707721.9779458.jpg 1 369 138 25 27
positive\1634707724.0252607.jpg 1 363 130 38 29
positive\1634707724.2749162.jpg 1 361 126 35 25
positive\1634707724.5872507.jpg 1 360 128 32 26
positive\1634707725.1163995.jpg 1 348 125 45 27
positive\1634707725.429189.jpg 1 358 130 36 23
positive\1634707725.7096894.jpg 1 347 132 47 24
positive\1634707726.037025.jpg 1 353 133 40 20
positive\1634707726.3780737.jpg 1 350 130 44 23
positive\1634707726.7069173.jpg 1 354 126 42 32
positive\1634707727.0039935.jpg 1 349 123 49 29
positive\1634707727.3465252.jpg 1 362 130 36 23
positive\1634707727.6605651.jpg 1 361 131 37 20
positive\1634707727.9854085.jpg 1 361 128 38 26
positive\1634707728.3441956.jpg 1 361 128 38 25
positive\1634707728.7487438.jpg 1 360 132 40 21
positive\1634707729.1099372.jpg 1 365 131 37 22
positive\1634707729.437088.jpg 1 361 132 30 20
positive\1634707729.8099718.jpg 1 365 132 31 19
positive\1634707730.2662878.jpg 1 363 128 31 22
positive\1634707730.6244318.jpg 1 366 132 33 18
positive\1634707732.0009313.jpg 1 340 123 56 61
positive\1634707732.3755872.jpg 1 340 118 54 67
positive\1634707732.766134.jpg 1 353 133 56 53
positive\1634707734.0940108.jpg 1 353 109 60 83
positive\1634707734.7220485.jpg 1 357 110 54 91
positive\1634707735.2053258.jpg 1 358 111 55 95
positive\1634707735.5653687.jpg 1 350 125 56 91
positive\1634707735.9078302.jpg 0
positive\1634707736.2672203.jpg 1 362 134 48 89
positive\1634707737.4903398.jpg 1 368 138 38 75
positive\1634707737.8790867.jpg 1 358 140 49 78
positive\1634707739.3304422.jpg 1 356 136 53 72
positive\1634707739.674673.jpg 1 366 140 40 69
positive\1634707740.049361.jpg 1 366 133 46 83
positive\1634707740.5134938.jpg 1 365 134 46 81
positive\1634707740.9029908.jpg 1 365 139 46 86
positive\1634707741.8291154.jpg 1 369 147 44 62
positive\1634707742.2225852.jpg 1 380 143 43 81
positive\1634707742.5819643.jpg 1 366 135 51 71
positive\1634707742.9087021.jpg 1 379 139 36 73
positive\1634707743.2681444.jpg 1 367 132 54 78
positive\1634707743.6256042.jpg 1 377 138 46 85
positive\1634707743.9559944.jpg 1 351 129 66 83
positive\1634707744.3324628.jpg 1 377 131 41 76
positive\1634707744.6890807.jpg 1 380 128 41 80
positive\1634707746.5003483.jpg 0
positive\1634707746.8743699.jpg 1 371 123 58 101
positive\1634707747.1863804.jpg 1 381 130 42 80
positive\1634707747.481404.jpg 1 377 135 48 90
positive\1634707749.5920868.jpg 1 381 137 43 85
positive\1634707749.9022157.jpg 1 382 133 47 80
positive\1634707750.2439454.jpg 1 375 132 52 77
positive\1634707752.7607934.jpg 1 382 136 41 71
positive\1634707753.7111464.jpg 1 386 141 41 72
positive\1634707754.1456223.jpg 1 378 139 47 57
positive\1634707754.5080762.jpg 1 384 122 43 78
positive\1634707754.8198593.jpg 1 388 123 35 85
positive\1634707755.1620264.jpg 1 382 128 49 79
positive\1634707756.101584.jpg 1 303 231 64 60
positive\1634707757.0378606.jpg 1 317 231 52 75
positive\1634707757.4766872.jpg 1 320 234 59 85
positive\1634707757.913972.jpg 1 320 238 64 75
positive\1634707759.821523.jpg 1 340 250 67 82
positive\1634707760.2327042.jpg 1 325 231 89 97
positive\1634707760.6418037.jpg 1 313 223 88 102
positive\1634707761.0326948.jpg 1 314 207 68 116
positive\1634707761.4093432.jpg 1 308 220 74 92
positive\1634707762.1271968.jpg 1 283 214 98 88
positive\1634707762.6267369.jpg 1 275 213 100 64
positive\1634707763.9835703.jpg 1 264 215 97 53
positive\1634707764.3917124.jpg 1 266 212 105 61
positive\1634707768.1629212.jpg 1 271 212 100 58
positive\1634707768.9938524.jpg 1 271 217 93 53
positive\1634707769.3075008.jpg 1 257 217 103 48
positive\1634707769.667596.jpg 1 244 211 123 55
positive\1634707770.1500149.jpg 1 256 219 106 45
positive\1634707770.5072734.jpg 1 257 221 98 46
positive\1634707770.8744328.jpg 1 246 218 110 47
positive\1634707771.264847.jpg 1 239 214 114 48
positive\1634707771.7053585.jpg 1 250 220 101 41
positive\1634707772.0811307.jpg 1 258 225 95 37
positive\1634707772.4278564.jpg 1 249 218 109 48
positive\1634707781.5466497.jpg 1 298 236 159 50
positive\1634707781.9530225.jpg 1 307 245 141 40
positive\1634707787.8725607.jpg 1 348 247 149 38
positive\1634707788.7554555.jpg 1 370 254 123 37
positive\1634707789.1915474.jpg 1 381 252 119 44
positive\1634707789.645918.jpg 1 383 250 110 48
positive\1634707790.0787668.jpg 1 375 233 120 68
positive\1634707791.314397.jpg 1 399 253 92 70
positive\1634707792.055695.jpg 1 399 248 100 60
positive\1634707792.3817203.jpg 1 398 251 106 50
positive\1634707792.7546225.jpg 1 391 249 98 54
positive\1634707793.1917374.jpg 1 412 268 61 59
positive\1634707795.6719518.jpg 1 422 252 73 97
positive\1634707796.2336056.jpg 1 405 239 96 86
positive\1634707798.7167351.jpg 1 407 262 84 87
positive\1634707804.268424.jpg 1 404 202 55 30
positive\1634707804.6931984.jpg 1 407 206 50 30
positive\1634707805.4299164.jpg 1 406 207 50 26
positive\1634707805.790683.jpg 1 409 205 46 29
positive\1634707806.2260895.jpg 1 404 200 50 34
positive\1634707806.6171088.jpg 1 417 208 31 21
positive\1634707806.9444356.jpg 1 416 199 38 27
positive\1634707807.2414362.jpg 1 407 190 41 37
positive\1634707807.555355.jpg 1 414 193 31 35
positive\1634707807.8548126.jpg 1 410 196 34 32
positive\1634707808.2160363.jpg 2 411 195 32 32 422 218 17 21
positive\1634707808.5444546.jpg 2 413 194 31 30 423 215 14 32
positive\1634707808.8718162.jpg 2 408 185 31 37 422 213 15 28
positive\1634707809.1680794.jpg 2 406 182 35 45 420 211 19 35
positive\1634707809.4800494.jpg 2 408 182 29 43 417 212 20 34
positive\1634707809.8045776.jpg 2 408 183 26 40 415 211 22 38
positive\1634707810.1660998.jpg 2 408 185 22 44 417 212 20 31
positive\1634707810.4609437.jpg 2 407 186 20 40 417 213 20 31
positive\1634707810.8030808.jpg 2 407 187 20 36 415 212 19 32
positive\1634707811.130698.jpg 2 409 182 15 45 419 213 18 34
positive\1634707811.4445179.jpg 2 407 189 16 39 417 217 18 31
positive\1634707811.7553613.jpg 2 409 189 12 41 419 213 18 35
positive\1634707812.0503254.jpg 1 408 193 15 34
positive\1634707812.3478878.jpg 2 407 194 13 33 418 214 16 32
positive\1634707812.6927178.jpg 2 408 191 15 35 418 211 19 32
positive\1634707813.0226228.jpg 2 408 191 15 38 419 207 18 37
positive\1634707813.3350034.jpg 2 407 197 14 31 423 204 15 46
positive\1634707813.630596.jpg 2 407 195 15 30 424 203 15 48
positive\1634707814.0051897.jpg 2 402 192 18 30 425 203 14 43
positive\1634707814.3029523.jpg 2 403 195 15 30 427 207 15 42
positive\1634707814.6290715.jpg 2 400 197 20 24 422 205 18 28
positive\1634707814.9258218.jpg 2 397 199 21 21 426 205 12 38
positive\1634707815.2708986.jpg 2 392 193 24 27 422 200 19 37
positive\1634707815.6024091.jpg 2 390 197 29 24 423 207 20 31
positive\1634707815.9331698.jpg 2 392 198 24 23 423 207 22 27
positive\1634707816.3253536.jpg 2 393 196 26 26 422 209 23 29
positive\1634707816.6227174.jpg 2 391 192 24 29 427 212 19 25
positive\1634707816.9359186.jpg 2 389 193 29 29 423 211 24 27
positive\1634707817.2607834.jpg 2 390 190 25 31 427 208 19 29
positive\1634707817.5600712.jpg 2 384 189 33 32 419 212 26 29
positive\1634707817.856508.jpg 2 379 182 35 34 423 212 18 21
positive\1634707818.1863315.jpg 2 374 185 40 32 421 212 18 21
positive\1634707818.4844606.jpg 1 378 180 32 31
positive\1634707818.7805355.jpg 1 375 182 37 34
positive\1634707819.077621.jpg 1 378 182 31 29
positive\1634707819.420722.jpg 1 380 181 31 29
positive\1634707819.7153928.jpg 1 374 177 36 37
positive\1634707820.0127187.jpg 1 377 181 34 31
positive\1634707820.3243804.jpg 1 380 178 31 32
positive\1634707820.6380446.jpg 1 378 179 30 32
positive\1634707820.9472828.jpg 1 375 180 34 27
positive\1634707821.2580197.jpg 1 375 181 37 30
positive\1634707821.55132.jpg 1 375 185 32 22
positive\1634707821.8662982.jpg 1 377 180 34 29
positive\1634707822.2095835.jpg 1 373 181 39 27
positive\1634707822.5059183.jpg 1 374 185 37 24
positive\1634707822.817642.jpg 1 379 185 31 23
positive\1634707823.129855.jpg 1 378 181 30 27
positive\1634707823.4443061.jpg 1 382 176 29 32
positive\1634707823.7391453.jpg 1 390 178 24 34
positive\1634707824.0525656.jpg 1 390 176 27 32
positive\1634707824.3188705.jpg 1 389 169 24 40
positive\1634707824.6327057.jpg 1 388 177 25 30
positive\1634707824.9742236.jpg 1 384 174 29 36
positive\1634707825.2233572.jpg 1 380 178 28 29
positive\1634707825.5207646.jpg 1 376 173 31 30
positive\1634707825.7549195.jpg 1 375 176 32 30
positive\1634707826.0071056.jpg 1 375 179 27 27
positive\1634707826.2415233.jpg 1 370 178 33 22
positive\1634707826.5695596.jpg 1 367 178 38 22
positive\1634707826.8201418.jpg 1 376 178 27 24
positive\1634707827.1363187.jpg 1 375 177 28 25
positive\1634707827.4038346.jpg 1 368 179 41 26
positive\1634707827.6380813.jpg 1 378 175 32 28
positive\1634707827.841576.jpg 1 375 171 32 32
positive\1634707828.169115.jpg 1 387 171 24 33
positive\1634707828.3696537.jpg 1 394 174 23 32
positive\1634707828.6506534.jpg 1 391 181 27 27
positive\1634707828.933918.jpg 1 397 184 20 24
positive\1634707829.2006528.jpg 1 395 187 24 23
positive\1634707829.4208071.jpg 1 398 184 20 25
positive\1634707829.6373215.jpg 1 392 190 30 22
positive\1634707829.8232887.jpg 1 394 191 25 20
positive\1634707829.9658258.jpg 1 388 189 34 22
positive\1634707830.249136.jpg 1 393 194 34 20
positive\1634707830.5141454.jpg 1 394 193 31 20
positive\1634707831.1413405.jpg 1 394 195 22 22
positive\1634707831.3457003.jpg 1 393 197 36 22
positive\1634707831.581507.jpg 1 391 195 42 22
positive\1634707831.7864003.jpg 1 399 195 22 28
positive\1634707839.1642065.jpg 1 397 225 32 28
positive\1634707839.447812.jpg 1 407 236 30 16
positive\1634707839.7306025.jpg 1 400 238 34 20
positive\1634707840.0107439.jpg 1 411 241 16 14
positive\1634707840.2632844.jpg 1 408 236 21 20
positive\1634707840.5447867.jpg 1 409 237 19 21
positive\1634707840.780285.jpg 1 407 237 23 19
positive\1634707841.0153239.jpg 1 405 233 23 25
positive\1634707841.233887.jpg 1 410 235 17 24
positive\1634707841.4687386.jpg 1 408 236 21 24
positive\1634707841.6734154.jpg 1 408 232 21 31
positive\1634707841.9227052.jpg 1 408 232 21 32
positive\1634707842.1257696.jpg 1 406 233 22 29
positive\1634707842.377302.jpg 1 410 231 22 29
positive\1634707842.5951095.jpg 1 404 234 23 28
positive\1634707842.830591.jpg 1 407 231 21 28
positive\1634707843.050406.jpg 1 410 234 17 24
positive\1634707843.347434.jpg 1 405 236 30 28
positive\1634707843.6909301.jpg 1 416 234 17 17
positive\1634707844.1129677.jpg 1 421 237 15 11
positive\1634707849.2896993.jpg 1 407 195 25 49
positive\1634707849.6486487.jpg 1 401 198 31 45
positive\1634707849.9460173.jpg 1 396 218 24 25
positive\1634707850.2420855.jpg 1 391 228 27 13
positive\1634707850.574087.jpg 1 402 224 15 22
positive\1634707850.902703.jpg 1 399 223 22 27
positive\1634707851.1990561.jpg 1 400 224 22 25
positive\1634707851.4950278.jpg 1 402 225 17 27
positive\1634707851.777732.jpg 1 398 224 23 30
positive\1634707852.0635908.jpg 1 401 221 22 38
positive\1634707852.3440669.jpg 1 399 218 24 39
positive\1634707852.658609.jpg 1 399 220 25 37
positive\1634707852.9403832.jpg 1 400 219 22 41
positive\1634707853.2212896.jpg 1 401 223 20 42
positive\1634707853.474228.jpg 1 400 222 19 35
positive\1634707853.755672.jpg 1 399 223 18 31
positive\1634707853.9737031.jpg 2 415 190 25 27 397 229 22 31
positive\1634707854.2076445.jpg 2 400 222 16 39 419 189 19 28
positive\1634707854.4094894.jpg 2 420 189 22 31 397 228 22 37
positive\1634707854.69145.jpg 2 417 188 24 29 399 227 19 34
positive\1634707854.925627.jpg 2 410 188 28 33 398 220 20 39
positive\1634707855.1906886.jpg 2 408 181 31 40 401 219 14 42
positive\1634707855.4259372.jpg 2 409 188 25 28 404 225 9 38
positive\1634707855.643615.jpg 2 403 186 30 30 398 221 22 37
positive\1634707855.8941884.jpg 2 409 190 31 31 402 222 16 33
positive\1634707856.1612544.jpg 2 411 181 23 39 401 219 19 38
positive\1634707856.3810651.jpg 2 413 193 25 27 406 223 16 37
positive\1634707856.613981.jpg 2 410 186 29 34 401 219 20 39
positive\1634707856.9588048.jpg 2 411 189 27 31 405 224 19 35
positive\1634707857.2558396.jpg 1 402 222 27 35
positive\1634707857.4923015.jpg 1 401 221 28 38
positive\1634707857.7266831.jpg 1 402 222 28 38
positive\1634707857.9616716.jpg 1 405 221 26 39
positive\1634707858.1828058.jpg 1 401 226 30 30
positive\1634707858.4322174.jpg 2 414 193 28 23 409 223 20 33
positive\1634707858.6667092.jpg 2 405 219 36 36 417 191 24 30
positive\1634707858.8848946.jpg 2 414 188 26 29 404 222 27 32
positive\1634707859.121987.jpg 2 411 194 26 21 412 227 20 27
positive\1634707859.3713.jpg 2 411 188 32 26 404 223 30 31
positive\1634707859.6057343.jpg 2 416 192 23 27 410 226 27 25
positive\1634707859.8402035.jpg 2 407 189 32 20 407 224 35 25
positive\1634707860.090646.jpg 1 407 193 29 21
positive\1634707860.2924595.jpg 2 416 196 24 25 419 229 33 16
positive\1634707860.5117059.jpg 1 410 195 31 22
positive\1634707866.5124776.jpg 1 394 191 29 25
positive\1634707866.779583.jpg 1 393 187 33 28
positive\1634707867.0927315.jpg 1 388 185 34 25
positive\1634707871.1973822.jpg 1 376 182 44 26
positive\1634707871.4340603.jpg 1 376 186 44 21
positive\1634707871.7459676.jpg 1 370 180 55 35
positive\1634707872.057422.jpg 1 364 176 62 41
positive\1634707872.339816.jpg 1 374 186 44 28
positive\1634707872.6359286.jpg 1 377 191 43 23
positive\1634707872.9480836.jpg 1 376 189 38 22
positive\1634707873.2280838.jpg 1 369 179 36 23
positive\1634707873.493689.jpg 1 375 181 25 19
positive\1634707873.744618.jpg 1 370 182 29 19
positive\1634707873.9798126.jpg 1 374 181 22 23
positive\1634707874.19881.jpg 1 376 185 20 19
positive\1634707874.4347966.jpg 1 372 185 24 19
positive\1634707874.71772.jpg 1 371 181 24 20
positive\1634707874.9366775.jpg 1 368 180 29 21
positive\1634707875.1849165.jpg 1 372 182 27 22
positive\1634707875.4506583.jpg 1 365 181 37 21
positive\1634707875.6682575.jpg 1 372 181 29 22
positive\1634707875.9032502.jpg 1 373 183 30 22
positive\1634707876.1055627.jpg 1 375 182 32 22
positive\1634707876.4006763.jpg 1 371 180 40 26
positive\1634707876.6370223.jpg 1 371 181 39 21
positive\1634707876.8706448.jpg 1 374 182 38 24
positive\1634707877.120967.jpg 1 373 177 40 26
positive\1634707877.3576965.jpg 1 372 179 36 23
positive\1634707877.6080842.jpg 1 376 179 36 25
positive\1634707877.8430367.jpg 1 372 181 41 19
positive\1634707878.0624163.jpg 1 381 182 28 21
positive\1634707878.2815487.jpg 1 372 182 38 21
positive\1634707878.5003839.jpg 1 371 182 41 21
positive\1634707878.751652.jpg 1 372 179 37 25
positive\1634707879.0026934.jpg 1 368 179 44 24
positive\1634707879.2385402.jpg 1 372 184 35 20
positive\1634707879.4564502.jpg 1 373 183 33 24
positive\1634707879.6765695.jpg 1 377 185 31 19
positive\1634707879.9423332.jpg 1 372 185 27 15
positive\1634707880.1643863.jpg 1 371 180 35 23
positive\1634707880.4015944.jpg 1 370 179 27 22
positive\1634707880.6036494.jpg 1 369 181 29 17
positive\1634707880.8369718.jpg 1 373 181 21 16
positive\1634707881.0717092.jpg 1 371 176 25 24
positive\1634707881.292528.jpg 1 373 179 16 22
positive\1634707881.54354.jpg 2 371 181 22 21 405 197 12 17
positive\1634707881.7622252.jpg 2 375 182 16 19 403 194 19 19
positive\1634707881.9996786.jpg 2 374 181 17 19 403 193 17 21
positive\1634707882.2347188.jpg 2 373 179 26 24 405 194 14 21
positive\1634707882.4683332.jpg 2 374 176 16 20 400 195 21 17
positive\1634707882.7162747.jpg 2 369 176 19 23 402 194 19 18
positive\1634707882.9687045.jpg 2 371 174 19 25 403 196 15 18
positive\1634707883.2186058.jpg 2 366 175 24 22 402 195 18 20
positive\1634707883.4846194.jpg 2 366 177 26 23 405 195 17 21
positive\1634707883.7039807.jpg 2 369 175 23 27 402 195 27 20
positive\1634707883.9380846.jpg 2 364 177 27 23 403 194 25 25
positive\1634707884.1575859.jpg 2 368 177 23 22 403 194 24 22
positive\1634707884.3607829.jpg 2 366 177 22 20 402 194 30 23
positive\1634707884.5787184.jpg 2 367 177 23 21 404 195 34 26
positive\1634707884.8278055.jpg 2 370 178 21 20 410 195 30 22
positive\1634707885.0622456.jpg 1 411 194 31 24
positive\1634707885.2969828.jpg 1 414 194 30 24
positive\1634707885.5163674.jpg 1 412 194 38 20
positive\1634707885.7184587.jpg 1 410 188 39 22
positive\1634707885.9511063.jpg 1 410 189 39 22
positive\1634707886.168894.jpg 1 412 189 36 18
positive\1634707886.3747282.jpg 1 413 191 39 16
positive\1634707886.5607347.jpg 1 410 189 38 19
positive\1634707886.76446.jpg 1 414 187 35 21
positive\1634707886.9359796.jpg 1 402 187 51 18
positive\1634707887.1239452.jpg 1 410 190 47 21
positive\1634707887.2958326.jpg 1 411 188 44 21
positive\1634707887.4548895.jpg 1 408 185 42 24
positive\1634707887.610455.jpg 1 416 191 39 22
positive\1634707887.7355864.jpg 1 415 190 38 18
positive\1634707887.9080906.jpg 1 420 183 33 28
positive\1634707888.2358372.jpg 1 417 188 35 21
positive\1634707888.392352.jpg 1 412 188 34 23
positive\1634707888.5816402.jpg 1 417 185 34 24
positive\1634707888.7529242.jpg 1 417 185 37 23
positive\1634707888.9570985.jpg 1 413 185 41 27
positive\1634707889.1264796.jpg 1 413 185 38 28
positive\1634707889.3446796.jpg 1 414 185 36 24
positive\1634707889.5944593.jpg 1 414 188 36 23
positive\1634707889.814627.jpg 1 414 185 36 28
positive\1634707890.0514033.jpg 1 415 185 36 29
positive\1634707890.2717457.jpg 1 417 187 33 25
positive\1634707890.5080857.jpg 1 412 182 30 30
